15927.000000 80082824443927646742
25963.000000 24460860401105244815
29872.000000 45143969201281403442
23219.000000 23218109389236790190
13099.000000 72043073819027724200
8431.000000 42535496140185900503
12106.000000 37035400445689477244
3723.000000 86155114834584572394
16353.000000 30463552597569503569
1127.000000 15617661794842166789
4083.000000 34538385353480154647
23637.000000 86664862050312124565
5846.000000 96739283735266399366
10142.000000 97479438801068167801
15202.000000 64284104781980903697
15741.000000 88352366220339843643
19910.000000 94406402864369909238
6562.000000 32400607361904018741
11355.000000 24666560519753178459
2737.000000 23543143682489820931
11695.000000 89427548149945049073
12481.000000 29909058252686735421
18179.000000 33197485024920791000
19421.000000 41063616306023526805
718.000000 82277098646454036250
23174.000000 44357273188002503915
18232.000000 45274555122813047205
2094.000000 67951029089156130845
27807.000000 36566953951615310082
27583.000000 53282494993273755834
9238.000000 31584297134370962271
5650.000000 29514242617302167131
11744.000000 80339463522946411814
28793.000000 64262855041713451580
24569.000000 16962278293573066353
27446.000000 17058884589915576500
31886.000000 73508354402937861528
31745.000000 23400558268078694837
22656.000000 52639244955898973428
27782.000000 16070051760128698182
20966.000000 20304295498467637577
30948.000000 42981855423134365114
5768.000000 54629705939102413067
15919.000000 97695684070230432475
14948.000000 56276487716271877351
30959.000000 87182352437042463380
7724.000000 14990660451057614796
5023.000000 62908926907584068213
9670.000000 58557781772521474337
1327.000000 79633774606704217670
16075.000000 79085311384452069783
32642.000000 49906905495867219957
14089.000000 77636285208132155189
28145.000000 44160603495795603367
25345.000000 82254726363753462323
17350.000000 71663856811871164087
5225.000000 28829601878154377099
6850.000000 68578149496961034150
24747.000000 41325620961899481894
8599.000000 78382347718674721921
14180.000000 84961094426518376971
23150.000000 75133302136980771519
18662.000000 28838509049023999547
10595.000000 27740862884007145976
15543.000000 26732349576595486736
13060.000000 91677467960733932004
14352.000000 79264366521653690900
2774.000000 35213888082221169702
13406.000000 13927525406548272503
12752.000000 83972911456626168019
9668.000000 16512137960764369234
25821.000000 74137181609986796563
29079.000000 64157264522691527159
15198.000000 69264172718503570839
13537.000000 17364172210226493177
5542.000000 47673518902287593892
23263.000000 98959774349775691517
23421.000000 72603416647489794461
899.000000 44439612894260273929
2718.000000 32769574540609349454
14835.000000 50880010896537450713
5432.000000 75184314156584077286
31496.000000 81228661543146664493
4209.000000 65569777904303741912
3023.000000 87256977045763503263
13022.000000 50819785901456806225
8203.000000 81187668078932210681
8972.000000 79938324983180672241
20657.000000 59920554166118060910
5626.000000 23212825872324257202
25195.000000 65390557782541878820
15773.000000 15218675680838332413
23574.000000 18086395029757529665
0.000000 97868755848944375875
27972.000000 16674802328983185934
10896.000000 18261044324099042400
9402.000000 28221980586508095678
1804.000000 15935031690506811018
30451.000000 56287602953687763423
21395.000000 49916104033360067314
5275.000000 32422614235675270456
7259.000000 31079298070983310161
4373.000000 73086996950181129217
4498.000000 26818076374252251197
22774.000000 32994082435255062965
9686.000000 66504445429794185369
30856.000000 40135034617534251514
31930.000000 86067321974482608308
12871.000000 98616531518600529767
10568.000000 70094520297080256259
25959.000000 80335030499976940305
15481.000000 94328494929450056895
17485.000000 79090737401301561681
9151.000000 79018685676169136691
23313.000000 56503009936619311774
22396.000000 27580893879324719910
26115.000000 53481868224777473187
22920.000000 14450090535862338107
30754.000000 19686781197948582469
943.000000 52178724889216034126
29094.000000 24982435344275793626
9776.000000 79414237341380980070
18040.000000 79882802961509958872
30271.000000 82837184767219319124
5300.000000 67605993537897420713
19588.000000 91616403093297671399
2862.000000 25589847257537528222
13210.000000 10004549435464232863
8170.000000 57813230772174209159
18065.000000 81682603961449976407
5795.000000 48713056952725213588
24428.000000 33849724228884910459
22341.000000 92085169995832026270
5540.000000 11951059807850155309
5235.000000 82991429133223532626
3235.000000 41319348197692533011
16898.000000 54183875369263036493
4682.000000 19087936950921399037
10419.000000 27993161548823215668
3435.000000 39885254804897507957
31389.000000 97440820146948072088
15440.000000 26656860773001067123
15832.000000 46091483254146941921
17202.000000 86469283107010951254
32468.000000 45213949402218369849
2754.000000 87950423446615508229
22760.000000 80031293255643150547
28324.000000 46676204571435745473
32675.000000 53149258881530820862
15343.000000 24976993645578725420
25927.000000 46091663498802596972
32687.000000 45469648149555385506
12616.000000 65525137176909145510
9571.000000 32626734941352148300
1746.000000 91210251721646678484
25983.000000 30977494409294219612
6976.000000 10977510961477373743
1002.000000 37712388949699471741
7334.000000 13949300137515164739
24193.000000 43801955131219225750
26696.000000 64109889605513491765
19347.000000 81366011919598525439
4384.000000 20994405192041759800
18531.000000 67188682032783872527
13916.000000 53755402486502124910
30634.000000 26056941103903528251
10718.000000 25301286010280676393
28690.000000 97212679611580414646
26298.000000 10096853658397103960
23227.000000 78993388262613166967
22459.000000 65506229302570514821
25018.000000 28220051240319580405
28127.000000 67288280881511302577
28309.000000 14647852645868629430
1750.000000 80171748598032448062
14536.000000 35895040283805302615
9095.000000 26433799873011678578
9283.000000 50752395553622259378
28300.000000 67955442698540417245
28650.000000 58045020923832346816
4785.000000 10476395368783594470
13331.000000 27554364230600495129
24952.000000 13896544775708293788
12556.000000 78423084604417510160
18839.000000 69971711516872000786
28051.000000 44664871098550856703
7545.000000 35926582547006336896
9563.000000 65516997360179494976
10681.000000 79594185699055279057
1934.000000 22138648502148993707
7082.000000 14209152508304483042
17734.000000 51093888764384219730
14290.000000 17527952639919687398
28690.000000 98738429832617208514
24682.000000 28290238439765057830
10359.000000 30135752329959529687
27616.000000 53405619588813270398
7276.000000 30320174079353525637
19285.000000 77662327879555573607
21981.000000 82919981637124911029
33056.000000 23683243500886894262
22825.000000 47682049350090350465
26441.000000 66828272279421505971
5029.000000 48961943696502167440
17934.000000 28026757575137535034
6678.000000 13397232507027690113
14945.000000 44650557195989847111
14139.000000 52070269445360563459
27752.000000 45295561569386230690
19008.000000 70633537860154966982
30028.000000 79939073569069665975
22827.000000 81156471921230953845
7156.000000 24660106486925035005
26294.000000 10437831762600136610
12742.000000 58716136698354269979
29844.000000 68827415401680155433
22719.000000 87978974430741012268
1132.000000 66498553743759183869
20437.000000 36062377812336364527
31263.000000 25694174074419307422
12654.000000 95573429000786778337
572.000000 24025749359230775665
33255.000000 42316313766318918685
18570.000000 37698597692314259749
3598.000000 82194078506010115066
32385.000000 49313697645757536933
6568.000000 83351203577560425497
12753.000000 44791730753943954647
0.000000 23075242577014945166
29402.000000 66688169721792876949
22534.000000 72476442507866858835
19250.000000 58088369627541175676	
26517.000000 18038325360734118058
1059.000000 38339834671159098332
15661.000000 65274109492582731644
15658.000000 49601731025360823646
6357.000000 29645487237862345732
21114.000000 12560938850896896812
22666.000000 89897547349891184628
4982.000000 62217781015944781176
22203.000000 92056664769337081473
18746.000000 23118153429169806287
6347.000000 41
6347.000000 
6347.000000 
6347.000000 
6347.000000 
6347.000000 
6347.000000 
6347.000000 
6347.000000 
6347.000000 
6347.000000 
6347.000000 
